ФИО			ФИО			
18_1	Группа	18_1	18_2	Группа	18_2	
Данные	43 50 76 62 12 00 00 00 00 00 36 00 00 00 28 00		Данные	50 54 76 DA 12 00 00 00 00 00 36 00 00 00 28 00		
	00 00 90 01 00 00 0A FE FF FF 01 00 30 00 00 00			00 00 CE 01 00 00 29 01 00 00 01 00 48 00 00 00		
	00 00 40 62 12 00 00 00 00 00 00 00 00 00 00 00			00 00 40 DA 12 00 00 00 00 00 00 00 00 00 00 00		
	00 00 00 00 00 00			00 00 00 00 00 00		
bfSize:		1204854	bfSize:		1235574	
biBitCount:		48	biBitCount:		72
Методан. верны		Да	Методан. верны		Да	
да/нет (почему)?			да/нет (почему)?			
ФИО			ФИО			
18_3	Группа	18_3	18_4	Группа	18_4	
Данные	49 43 5E AA 00 00 00 00 00 00 36 00 00 00 28 00		Данные	50 54 811494 00 00 00 00 36 00 00 00 28 00 00 0		
	00 00 08 00 00 00 A3 FD FF FF 01 00 48 00 00 00			 E6 00 00 00 78 FE FF FF 01 00 48 00 00 00 00 0		
	00 00 28 AA 00 00 00 00 00 00 00 00 00 00 00 00			 C0 64 0C 00 00 00 00 00 00 00 00 00 00 00 00 0		
	00 00 00 00 00 00			 00 00 00 00		
bfSize:		43614	bfSize:		812278	
biBitCount:		72	biBitCount:		72
Методан. верны		Да	Методан. верны		Нет,	
да/нет (почему)?			да/нет (почему)?		bfSize	
ФИО			ФИО			
18_5	Группа	18_5	18_6	Группа	18_6	
Данные	43 49 9A B5 0A 00 00 00 00 00 36 00 00 00 28 00		Данные	42 4D 5E C2 0E 00 00 00 00 00 36 00 00 00 28 00		
	00 00 36 01 00 00 0F FD FF FF 01 00 18 00 00 00			00 00 A9 01 00 00 0A FD FF FF 01 00 18 00 00 00		
	00 00 64 B5 0A 00 00 00 00 00 00 00 00 00 00 00			00 00 966450 00 00 00 00 00 00 00 00 00 00 00 0		
	00 00 00 00 00 00			 00 00 00 00		
bfSize:		701850	bfSize:		967262	
biBitCount:		24	biBitCount:		24
Методан. верны		Да	Методан. верны		Нет,	
да/нет (почему)?			да/нет (почему)?		biSizeImage	
ФИО			ФИО			
18_7	Группа	18_7	18_8	Группа	18_8	
Данные	42 4D BE D4 0C 00 00 00 00 00 36 00 00 00 28 00		Данные	43 49 76 BA 1E 00 00 00 00 00 36 00 00 00 28 00		
	00 00 D7 02 00 00 81 01 00 00 01 00 18 00 00 00			00 00 D3 02 00 00 30 FE FF FF 01 00 30 00 00 00		
	00 00 839685 00 00 00 00 00 00 00 00 00 00 00 0			00 00 40 BA 1E 00 00 00 00 00 00 00 00 00 00 00		
	 00 00 00 00			00 00 00 00 00 00		
bfSize:		840894	bfSize:		2013814	
biBitCount:		24	biBitCount:		48
Методан. верны		Нет,	Методан. верны		Да	
да/нет (почему)?		biSizeImage	да/нет (почему)?			
ФИО			ФИО			
18_9	Группа	18_9	18_10	Группа	18_10	
Данные	49 43 36 B4 03 00 00 00 00 00 36 00 00 00 28 00		Данные	43 49 DE 2C 2B 00 00 00 00 00 36 00 00 00 28 00		
	00 00 D2 00 00 00 80 01 00 00 01 00 18 00 00 00			00 00 6D 01 00 00 86 02 00 00 01 00 60 00 00 00		
	00 00 241920 00 00 00 00 00 00 00 00 00 00 00 0			00 00 A8 2C 2B 00 00 00 00 00 00 00 00 00 00 00		
	 00 00 00 00			00 00 00 00 00 00		
bfSize:		242742	bfSize:		2829534	
biBitCount:		24	biBitCount:		96
Методан. верны		Нет,	Методан. верны		Да	
да/нет (почему)?		biSizeImage	да/нет (почему)?			
ФИО			ФИО			
18_11	Группа	18_11	18_12	Группа	18_12	
Данные	43 50 E6 F1 1C 00 00 00 00 00 36 00 00 00 28 00		Данные	43 49 1581309 00 00 00 00 36 00 00 00 28 00 00 		
	00 00 92 01 00 00 F4 FD FF FF 01 00 48 00 00 00			0 09 01 00 00 97 02 00 00 01 00 48 00 00 00 00 		
	00 00 1895832 00 00 00 00 00 00 00 00 00 00 00 			0 8C 28 18 00 00 00 00 00 00 00 00 00 00 00 00 		
	0 00 00 00 00			0 00 00 00 00		
bfSize:		1896934	bfSize:		1583298	
biBitCount:		72	biBitCount:		72
Методан. верны		Нет,	Методан. верны		Нет,	
да/нет (почему)?		biSizeImage	да/нет (почему)?		bfSize	
ФИО			ФИО			
18_13	Группа	18_13	18_14	Группа	18_14	
Данные	42 41 FE 94 26 00 00 00 00 00 36 00 00 00 28 00		Данные	50 54 212841 00 00 00 00 36 00 00 00 28 00 00 0		
	00 00 F6 03 00 00 15 01 00 00 01 00 48 00 00 00			 25 00 00 00 7F 02 00 00 01 00 48 00 00 00 00 0		
	00 00 2527902 00 00 00 00 00 00 00 00 00 00 00 			 B0 46 03 00 00 00 00 00 00 00 00 00 00 00 00 0		
	0 00 00 00 00			 00 00 00 00		
bfSize:		2528510	bfSize:		214758	
biBitCount:		72	biBitCount:		72
Методан. верны		Нет,	Методан. верны		Нет,	
да/нет (почему)?		biSizeImage	да/нет (почему)?		bfSize	
ФИО			ФИО			
18_15	Группа	18_15	18_16	Группа	18_16	
Данные	42 41 3482739 00 00 00 00 36 00 00 00 28 00 00 		Данные	50 54 0E 24 1A 00 00 00 00 00 36 00 00 00 28 00		
	0 C5 03 00 00 91 01 00 00 01 00 48 00 00 00 00 			00 00 C6 03 00 00 3B FF FF FF 01 00 48 00 00 00		
	0 F0 28 35 00 00 00 00 00 00 00 00 00 00 00 00 			00 00 1712718 00 00 00 00 00 00 00 00 00 00 00 		
	0 00 00 00 00			0 00 00 00 00		
bfSize:		3483942	bfSize:		1713166	
biBitCount:		72	biBitCount:		72
Методан. верны		Нет,	Методан. верны		Нет,	
да/нет (почему)?		bfSize	да/нет (почему)?		biSizeImage	
ФИО			ФИО			
18_17	Группа	18_17	18_18	Группа	18_18	
Данные	42 41 298704 00 00 00 00 36 00 00 00 28 00 00 0		Данные	42 41 06 2B 11 00 00 00 00 00 36 00 00 00 28 00		
	 13 01 00 00 B5 00 00 00 01 00 30 00 00 00 00 0			00 00 0B 01 00 00 2C FE FF FF 01 00 48 00 00 00		
	 04 90 04 00 00 00 00 00 00 00 00 00 00 00 00 0			00 00 D0 2A 11 00 00 00 00 00 00 00 00 00 00 00		
	 00 00 00 00			00 00 00 00 00 00		
bfSize:		299066	bfSize:		1125126	
biBitCount:		48	biBitCount:		72
Методан. верны		Нет,	Методан. верны		Да	
да/нет (почему)?		bfSize	да/нет (почему)?			
ФИО			ФИО			
18_19	Группа	18_19	18_20	Группа	18_20	
Данные	42 41 F6 9B 13 00 00 00 00 00 36 00 00 00 28 00		Данные	43 50 16 72 01 00 00 00 00 00 36 00 00 00 28 00		
	00 00 E0 02 00 00 46 02 00 00 01 00 18 00 00 00			00 00 1D 00 00 00 E6 FD FF FF 01 00 30 00 00 00		
	00 00 C0 9B 13 00 00 00 00 00 00 00 00 00 00 00			00 00 93612 00 00 00 00 00 00 00 00 00 00 00 00		
	00 00 00 00 00 00			00 00 00 00		
bfSize:		1285110	bfSize:		94742	
biBitCount:		24	biBitCount:		48
Методан. верны		Да	Методан. верны		Нет,	
да/нет (почему)?			да/нет (почему)?		biSizeImage	
ФИО			ФИО			
18_21	Группа	18_21	18_22	Группа	18_22	
Данные	42 4D 16 CD 04 00 00 00 00 00 36 00 00 00 28 00		Данные	43 50 891054 00 00 00 00 36 00 00 00 28 00 00 0		
	00 00 C4 01 00 00 8C FF FF FF 01 00 30 00 00 00			 29 01 00 00 F4 01 00 00 01 00 30 00 00 00 00 0		
	00 00 E0 CC 04 00 00 00 00 00 00 00 00 00 00 00			 60 9C 0D 00 00 00 00 00 00 00 00 00 00 00 00 0		
	00 00 00 00 00 00			 00 00 00 00		
bfSize:		314646	bfSize:		892054	
biBitCount:		48	biBitCount:		48
Методан. верны		Да	Методан. верны		Нет,	
да/нет (почему)?			да/нет (почему)?		bfSize	
ФИО			ФИО			
18_23	Группа	18_23	18_24	Группа	18_24	
Данные	43 50 86 A9 1F 00 00 00 00 00 36 00 00 00 28 00		Данные	50 54 06 DE 44 00 00 00 00 00 36 00 00 00 28 00		
	00 00 ED 01 00 00 BD 02 00 00 01 00 30 00 00 00			00 00 26 03 00 00 6E 02 00 00 01 00 48 00 00 00		
	00 00 2073558 00 00 00 00 00 00 00 00 00 00 00 			00 00 4511988 00 00 00 00 00 00 00 00 00 00 00 		
	0 00 00 00 00			0 00 00 00 00		
bfSize:		2075014	bfSize:		4513286	
biBitCount:		48	biBitCount:		72
Методан. верны		Нет,	Методан. верны		Нет,	
да/нет (почему)?		biSizeImage	да/нет (почему)?		biSizeImage	
ФИО			ФИО			
18_25	Группа	18_25	18_26	Группа	18_26	
Данные	43 49 06 28 00 00 00 00 00 00 36 00 00 00 28 00		Данные	43 49 06 A2 0B 00 00 00 00 00 36 00 00 00 28 00		
	00 00 82 00 00 00 1A 00 00 00 01 00 18 00 00 00			00 00 5A 01 00 00 DD 02 00 00 01 00 18 00 00 00		
	00 00 10140 00 00 00 00 00 00 00 00 00 00 00 00			00 00 D0 A1 0B 00 00 00 00 00 00 00 00 00 00 00		
	00 00 00 00			00 00 00 00 00 00		
bfSize:		10246	bfSize:		762374	
biBitCount:		24	biBitCount:		24
Методан. верны		Нет,	Методан. верны		Да	
да/нет (почему)?		biSizeImage	да/нет (почему)?			
ФИО			ФИО			
18_27	Группа	18_27	18_28	Группа	18_28	
Данные	49 43 429510 00 00 00 00 36 00 00 00 28 00 00 0		Данные	50 54 401634 00 00 00 00 36 00 00 00 28 00 00 0		
	 85 01 00 00 B8 00 00 00 01 00 30 00 00 00 00 0			 46 02 00 00 1A FF FF FF 01 00 18 00 00 00 00 0		
	 00 8F 06 00 00 00 00 00 00 00 00 00 00 00 00 0			 78 22 06 00 00 00 00 00 00 00 00 00 00 00 00 0		
	 00 00 00 00			 00 00 00 00		
bfSize:		429878	bfSize:		402094	
biBitCount:		48	biBitCount:		24
Методан. верны		Нет,	Методан. верны		Нет,	
да/нет (почему)?		bfSize	да/нет (почему)?		bfSize	
ФИО			ФИО			
18_29	Группа	18_29	18_30	Группа	18_30	
Данные	42 4D 86 DC 06 00 00 00 00 00 36 00 00 00 28 00		Данные	49 43 BE 00 02 00 00 00 00 00 36 00 00 00 28 00		
	00 00 ED 01 00 00 4C 00 00 00 01 00 60 00 00 00			00 00 33 01 00 00 72 FF FF FF 01 00 18 00 00 00		
	00 00 50 DC 06 00 00 00 00 00 00 00 00 00 00 00			00 00 88 00 02 00 00 00 00 00 00 00 00 00 00 00		
	00 00 00 00 00 00			00 00 00 00 00 00		
bfSize:		449670	bfSize:		131262	
biBitCount:		96	biBitCount:		24
Методан. верны		Да	Методан. верны		Да	
да/нет (почему)?			да/нет (почему)?			
ФИО			ФИО			
18_31	Группа	18_31	18_32	Группа	18_32	
Данные	43 49 82 94 01 00 00 00 00 00 36 00 00 00 28 00		Данные	43 50 5A 1B 09 00 00 00 00 00 36 00 00 00 28 00		
	00 00 21 00 00 00 A7 FE FF FF 01 00 48 00 00 00			00 00 A1 00 00 00 9B 01 00 00 01 00 48 00 00 00		
	00 00 4C 94 01 00 00 00 00 00 00 00 00 00 00 00			00 00 595539 00 00 00 00 00 00 00 00 00 00 00 0		
	00 00 00 00 00 00			 00 00 00 00		
bfSize:		103554	bfSize:		596826	
biBitCount:		72	biBitCount:		72
Методан. верны		Да	Методан. верны		Нет,	
да/нет (почему)?			да/нет (почему)?		biSizeImage	
ФИО			ФИО			
18_33	Группа	18_33	18_34	Группа	18_34	
Данные	43 49 924 00 00 00 00 36 00 00 00 28 00 00 00 9		Данные	49 43 725382 00 00 00 00 36 00 00 00 28 00 00 0		
	 00 00 00 01 00 00 00 01 00 30 00 00 00 00 00 6			 92 00 00 00 D8 FD FF FF 01 00 48 00 00 00 00 0		
	 03 00 00 00 00 00 00 00 00 00 00 00 00 00 00 0			 A0 15 0B 00 00 00 00 00 00 00 00 00 00 00 00 0		
	 00 00 00			 00 00 00 00		
bfSize:		926	bfSize:		726486	
biBitCount:		48	biBitCount:		72
Методан. верны		Нет,	Методан. верны		Нет,	
да/нет (почему)?		bfSize	да/нет (почему)?		bfSize	
ФИО			ФИО			
18_35	Группа	18_35	18_36	Группа	18_36	
Данные	42 4D 56 6A 0D 00 00 00 00 00 36 00 00 00 28 00		Данные	50 54 BE 6B 51 00 00 00 00 00 36 00 00 00 28 00		
	00 00 26 01 00 00 B4 FE FF FF 01 00 48 00 00 00			00 00 76 03 00 00 9D 02 00 00 01 00 48 00 00 00		
	00 00 878472 00 00 00 00 00 00 00 00 00 00 00 0			00 00 88 6B 51 00 00 00 00 00 00 00 00 00 00 00		
	 00 00 00 00			00 00 00 00 00 00		
bfSize:		879190	bfSize:		5335998	
biBitCount:		72	biBitCount:		72
Методан. верны		Нет,	Методан. верны		Да	
да/нет (почему)?		biSizeImage	да/нет (почему)?			
ФИО			ФИО			
18_37	Группа	18_37	18_38	Группа	18_38	
Данные	43 49 36 7C 14 00 00 00 00 00 36 00 00 00 28 00		Данные	42 4D 8E 1A 02 00 00 00 00 00 36 00 00 00 28 00		
	00 00 D5 03 00 00 98 00 00 00 01 00 48 00 00 00			00 00 F3 01 00 00 D2 FF FF FF 01 00 30 00 00 00		
	00 00 00 7C 14 00 00 00 00 00 00 00 00 00 00 00			00 00 137724 00 00 00 00 00 00 00 00 00 00 00 0		
	00 00 00 00 00 00			 00 00 00 00		
bfSize:		1342518	bfSize:		137870	
biBitCount:		72	biBitCount:		48
Методан. верны		Да	Методан. верны		Нет,	
да/нет (почему)?			да/нет (почему)?		biSizeImage	
ФИО			ФИО			
18_39	Группа	18_39	18_40	Группа	18_40	
Данные	49 43 43260 00 00 00 00 36 00 00 00 28 00 00 00		Данные	50 54 E6 F5 05 00 00 00 00 00 36 00 00 00 28 00		
	7B 01 00 00 ED FF FF FF 01 00 30 00 00 00 00 00			00 00 69 00 00 00 9C 01 00 00 01 00 48 00 00 00		
	EC A8 00 00 00 00 00 00 00 00 00 00 00 00 00 00			00 00 B0 F5 05 00 00 00 00 00 00 00 00 00 00 00		
	00 00 00 00			00 00 00 00 00 00		
bfSize:		43298	bfSize:		390630	
biBitCount:		48	biBitCount:		72
Методан. верны		Нет,	Методан. верны		Да	
да/нет (почему)?		bfSize	да/нет (почему)?			
ФИО			ФИО			
18_41	Группа	18_41	18_42	Группа	18_42	
Данные	50 54 2E C8 0A 00 00 00 00 00 36 00 00 00 28 00		Данные	43 49 2739234 00 00 00 00 36 00 00 00 28 00 00 		
	00 00 59 01 00 00 AB FE FF FF 01 00 30 00 00 00			0 83 02 00 00 3A FD FF FF 01 00 30 00 00 00 00 		
	00 00 F8 C7 0A 00 00 00 00 00 00 00 00 00 00 00			0 78 D1 29 00 00 00 00 00 00 00 00 00 00 00 00 		
	00 00 00 00 00 00			0 00 00 00 00		
bfSize:		706606	bfSize:		2740654	
biBitCount:		48	biBitCount:		48
Методан. верны		Да	Методан. верны		Нет,	
да/нет (почему)?			да/нет (почему)?		bfSize	
ФИО			ФИО			
18_43	Группа	18_43	18_44	Группа	18_44	
Данные	43 50 96 A4 00 00 00 00 00 00 36 00 00 00 28 00		Данные	50 54 141804 00 00 00 00 36 00 00 00 28 00 00 0		
	00 00 AF 00 00 00 28 00 00 00 01 00 30 00 00 00			 15 00 00 00 EE 02 00 00 01 00 48 00 00 00 00 0		
	00 00 42000 00 00 00 00 00 00 00 00 00 00 00 00			 80 32 02 00 00 00 00 00 00 00 00 00 00 00 00 0		
	00 00 00 00			 00 00 00 00		
bfSize:		42134	bfSize:		144054	
biBitCount:		48	biBitCount:		72
Методан. верны		Нет,	Методан. верны		Нет,	
да/нет (почему)?		biSizeImage	да/нет (почему)?		bfSize	
ФИО			ФИО			
18_45	Группа	18_45	18_46	Группа	18_46	
Данные	50 54 D6 09 01 00 00 00 00 00 36 00 00 00 28 00		Данные	49 43 76 28 19 00 00 00 00 00 36 00 00 00 28 00		
	00 00 35 00 00 00 A9 01 00 00 01 00 18 00 00 00			00 00 71 01 00 00 10 FE FF FF 01 00 48 00 00 00		
	00 00 67575 00 00 00 00 00 00 00 00 00 00 00 00			00 00 1647216 00 00 00 00 00 00 00 00 00 00 00 		
	00 00 00 00			0 00 00 00 00		
bfSize:		68054	bfSize:		1648758	
biBitCount:		24	biBitCount:		72
Методан. верны		Нет,	Методан. верны		Нет,	
да/нет (почему)?		biSizeImage	да/нет (почему)?		biSizeImage	
ФИО			ФИО			
18_47	Группа	18_47	18_48	Группа	18_48	
Данные	50 54 16 D8 02 00 00 00 00 00 36 00 00 00 28 00		Данные	43 50 26 BE 44 00 00 00 00 00 36 00 00 00 28 00		
	00 00 18 00 00 00 87 02 00 00 01 00 60 00 00 00			00 00 6B 03 00 00 3C 02 00 00 01 00 48 00 00 00		
	00 00 E0 D7 02 00 00 00 00 00 00 00 00 00 00 00			00 00 F0 BD 44 00 00 00 00 00 00 00 00 00 00 00		
	00 00 00 00 00 00			00 00 00 00 00 00		
bfSize:		186390	bfSize:		4505126	
biBitCount:		96	biBitCount:		72
Методан. верны		Да	Методан. верны		Да	
да/нет (почему)?			да/нет (почему)?			
ФИО			ФИО			
18_49	Группа	18_49	18_50	Группа	18_50	
Данные	43 49 1476360 00 00 00 00 36 00 00 00 28 00 00 		Данные	43 50 557244 00 00 00 00 36 00 00 00 28 00 00 0		
	0 BD 02 00 00 16 FF FF FF 01 00 48 00 00 00 00 			 CD 00 00 00 3B FE FF FF 01 00 30 00 00 00 00 0		
	0 90 89 16 00 00 00 00 00 00 00 00 00 00 00 00 			 10 84 08 00 00 00 00 00 00 00 00 00 00 00 00 0		
	0 00 00 00 00			 00 00 00 00		
bfSize:		1477062	bfSize:		558150	
biBitCount:		72	biBitCount:		48
Методан. верны		Нет,	Методан. верны		Нет,	
да/нет (почему)?		bfSize	да/нет (почему)?		bfSize	

